DateTime,Entries,UniqueIPs
1544094039,34829,100853
1544094338,34832,100857
1544094938,34836,100861
1544095232,34843,100868
1544095840,34846,100871
1544096441,34849,100874
1544096735,34854,100879
1544097038,34856,100881
1544097330,34858,100883
1544097638,34860,100886
1544098234,34864,100890
1544098529,34867,100893
1544099131,34871,100897
1544099735,34877,100903
1544100039,34878,100904
1544100340,34880,100906
1544100637,34882,100908
1544101541,34883,100909
1544102139,34887,100913
1544102438,34893,100919
1544103038,34895,100921
1544103330,34896,100922
1544103634,34900,100926
1544104230,34901,100927
1544104530,34902,100928
1544104834,34903,100929
1544105434,34908,100934
1544106040,34912,100938
1544106335,34915,100941
1544106938,34918,100944
1544107237,34920,100946
1544107835,34926,100952
1544108439,34927,100953
1544108736,34929,100955
1544109337,34934,100960
1544109938,34939,100965
1544110242,34941,100967
1544110537,34943,100969
1544110842,34944,100970
1544111133,34945,100971
1544111734,34946,100974
1544112040,34949,100977
1544112634,34952,100980
1544113241,34955,100983
1544113538,34961,100989
1544114139,34963,100991
1544114439,34964,100992
1544115040,34966,100994
1544115639,34968,100996
1544116540,34973,101001
1544116839,34974,101002
1544117441,34976,101004
1544118039,34977,101005
1544118640,34981,101009
1544119240,34984,101012
1544119540,34987,101015
1544120440,34992,101020
1544121334,34997,101025
1544121634,34999,101027
1544122234,35004,101032
1544122836,35007,101035
1544123137,35010,101038
1544123736,35017,101045
1544124036,35019,101047
1544124639,35024,101052
1544126434,35029,101057
1544127035,35032,101060
1544127639,35037,101065
1544127938,35038,101066
1544128236,35039,101067
1544128533,35040,101068
1544128835,35042,101070
1544129438,35043,101072
1544129734,35047,101076
1544130041,35048,101077
1544130338,35049,101078
1544130940,35054,101083
1544131235,35056,101085
1544131537,35057,101086
1544131841,35059,101088
1544132440,35061,101090
1544133338,35062,101091
1544133639,35064,101093
1544134234,35066,101095
1544134545,35069,101098
1544135139,35072,101102
1544135442,35074,101104
1544135743,35076,101106
1544136633,35082,101112
1544137531,35085,101115
1544138134,35088,101118
1544138730,35090,101120
1544139329,35091,101121
1544139630,35092,101122
1544140232,35095,101125
1544140833,35099,101129
1544141134,35101,101131
1544141735,35102,101132
1544142032,35104,101134
1544142637,35106,101136
1544143537,35107,101137
1544143836,35108,101138
1544144139,35110,101140
1544144444,35111,101141
1544145039,35116,101147
1544145640,35121,101152
1544145939,35123,101154
1544146539,35128,101159
1544146837,35130,101161
1544147735,35132,101163
1544148339,35133,101164
1544148937,35136,101167
1544149241,35138,101169
1544149540,35139,101170
1544149831,35143,101174
1544150431,35148,101180
1544150732,35149,101181
1544151330,35152,101184
1544151636,35152,101185
1544152234,35155,101189
1544152536,35158,101192
1544153135,35160,101194
1544153735,35162,101196
1544154339,35164,101198
1544155233,35167,101201
1544155534,35168,101202
1544156138,35169,101203
1544156435,35173,101207
1544157041,35174,101208
1544157638,35180,101214
1544157937,35189,101223
1544158534,35199,101233
1544158835,35202,101236
1544159430,35208,101242
1544160031,35212,101246
1544160635,35216,101250
1544161239,35221,101255
1544161534,35223,101257
1544162129,35226,101260
1544163034,35228,101262
1544163330,35229,101263
1544163630,35232,101266
1544164231,35237,101271
1544164830,35242,101276
1544165132,35246,101280
1544165730,35249,101283
1544166032,35253,101287
1544166631,35257,101291
1544167231,35262,101296
1544167833,35264,101298
1544168431,35267,101301
1544168738,35269,101303
1544169335,35274,101308
1544169638,35276,101310
1544169939,35278,101312
1544170236,35279,101313
1544170834,35283,101317
1544171142,35288,101322
1544171736,35292,101326
1544172039,35293,101327
1544172639,35299,101334
1544173235,35300,101335
1544173537,35302,101338
1544174134,35306,101342
1544174435,35309,101345
1544175041,35312,101349
1544175339,35313,101350
1544176537,35316,101353
1544176837,35320,101357
1544177438,35327,101365
1544178033,35331,101369
1544178635,35332,101370
1544179839,35333,101371
1544181339,35337,101375
1544182238,35338,101376
1544182834,35343,101381
1544183440,35345,101383
1544184642,35346,101384
1544186138,35347,101385
1544189431,35348,101386
1544190633,35349,101387
1544190938,35350,101388
1544191834,35351,101389
1544198139,35353,101391
1544199642,35354,101392
1544203838,35357,101395
1544204442,35359,101397
1544204738,35360,101398
1544205339,35362,101400
1544205643,35363,101401
1544206239,35366,101404
1544206541,35368,101406
1544207139,35369,101408
1544207441,35370,101409
1544208640,35373,101412
1544209239,35374,101413
1544209538,35375,101414
1544210139,35379,101418
1544210440,35380,101419
1544211040,35384,101423
1544212238,35386,101425
1544212838,35389,101428
1544213137,35392,101431
1544213738,35393,101432
1544214038,35395,101434
1544214639,35398,101437
1544215236,35399,101438
1544215541,35402,101441
1544215842,35404,101443
1544216139,35410,101449
1544216443,35411,101450
1544217039,35412,101451
1544217339,35413,101452
1544217638,35415,101454
1544218237,35416,101455
1544218537,35418,101457
1544218841,35419,101458
1544219138,35421,101460
1544219438,35423,101462
1544220040,35426,101465
1544220639,35427,101466
1544220938,35429,101468
1544221235,35430,101469
1544221840,35431,101470
1544222138,35432,101471
1544223038,35436,101476
1544223339,35438,101478
1544223643,35440,101480
1544224242,35443,101483
1544224834,35447,101487
1544225133,35449,101490
1544225734,35453,101494
1544226037,35454,101495
1544226640,35456,101497
1544226933,35459,101500
1544227241,35462,101503
1544227532,35464,101505
1544228128,35466,101507
1544228435,35467,101508
1544228734,35468,101509
1544229035,35470,101511
1544229636,35473,101514
1544229934,35474,101515
1544230835,35475,101516
1544231435,35479,101520
1544231738,35482,101523
1544232337,35483,101524
1544232935,35488,101529
1544233232,35489,101530
1544233837,35494,101535
1544234441,35496,101537
1544234733,35498,101539
1544235332,35501,101542
1544236233,35505,101546
1544236532,35508,101549
1544236832,35510,101551
1544237135,35512,101553
1544237732,35515,101556
1544238034,35519,101560
1544238636,35522,101563
1544238930,35522,101564
1544239233,35523,101565
1544239533,35526,101568
1544240133,35528,101570
1544240431,35530,101572
1544241034,35537,101579
1544241338,35540,101582
1544241632,35541,101583
1544241935,35542,101584
1544242536,35546,101588
1544242834,35548,101590
1544243131,35550,101592
1544243436,35553,101595
1544243730,35555,101597
1544244331,35557,101599
1544244929,35561,101603
1544245833,35565,101607
1544246429,35569,101611
1544246730,35572,101614
1544247332,35576,101618
1544247629,35578,101620
1544247931,35580,101622
1544248237,35581,101623
1544248836,35584,101626
1544249133,35586,101628
1544249736,35587,101629
1544250034,35588,101630
1544250928,35593,101635
1544251234,35594,101636
1544251834,35596,101638
1544252130,35597,101639
1544252438,35600,101642
1544252736,35601,101643
1544253334,35604,101646
1544253634,35608,101650
1544254238,35613,101655
1544254838,35618,101660
1544255134,35620,101662
1544255436,35621,101663
1544255738,35623,101665
1544256337,35627,101669
1544256930,35628,101670
1544257236,35631,101673
1544257830,35632,101674
1544258136,35633,101675
1544258434,35634,101676
1544258734,35635,101677
1544259039,35637,101679
1544259635,35640,101682
1544259937,35642,101684
1544260534,35644,101686
1544260839,35646,101688
1544261438,35652,101694
1544262038,35656,101698
1544263236,35658,101700
1544263830,35659,101701
1544264130,35660,101702
1544265032,35665,101707
1544265638,35668,101710
1544265939,35671,101713
1544266531,35675,101717
1544267138,35677,101719
1544267736,35679,101721
1544268036,35681,101723
1544268634,35685,101727
1544269235,35687,101729
1544269533,35690,101732
1544270130,35694,101736
1544270433,35695,101737
1544271033,35698,101740
1544271635,35700,101742
1544271931,35701,101743
1544272534,35703,101745
1544273135,35707,101749
1544273435,35708,101750
1544274040,35714,101756
1544274336,35715,101757
1544274939,35719,101761
1544275841,35723,101765
1544276439,35726,101768
1544277040,35728,101770
1544277339,35729,101771
1544277640,35731,101773
1544277940,35733,101775
1544278235,35736,101778
1544278841,35741,101783
1544279434,35745,101788
1544280034,35747,101790
1544280335,35749,101792
1544281241,35753,101796
1544281838,35758,101801
1544282136,35760,101803
1544282437,35762,101805
1544282742,35763,101806
1544283336,35764,101807
1544283632,35767,101810
1544283935,35770,101813
1544284238,35773,101816
1544284838,35774,101817
1544285736,35776,101819
1544286033,35779,101822
1544286634,35780,101823
1544287234,35786,101829
1544288135,35790,101833
1544288437,35791,101834
1544289035,35793,101836
1544289637,35797,101840
1544289936,35798,101841
1544290537,35802,101845
1544290841,35803,101846
1544291433,35807,101850
1544291736,35810,101853
1544292040,35811,101854
1544292636,35815,101859
1544293237,35817,101861
1544293540,35818,101862
1544294134,35819,101863
1544294741,35821,101866
1544295035,35823,101868
1544295634,35825,101870
1544295933,35826,101871
1544296531,35829,101874
1544296831,35831,101876
1544297436,35836,101881
1544297732,35839,101884
1544298034,35841,101886
1544298330,35843,101888
1544298633,35845,101890
1544298934,35847,101892
1544299235,35848,101893
1544299533,35850,101895
1544299839,35851,101896
1544300137,35852,101898
1544301034,35855,101901
1544301639,35857,101903
1544301935,35858,101904
1544302538,35860,101906
1544302836,35861,101907
1544303436,35865,101911
1544303736,35867,101913
1544304337,35870,101916
1544304937,35873,101919
1544305239,35874,101920
1544305837,35879,101925
1544306435,35881,101928
1544306738,35882,101929
1544307337,35885,101932
1544307639,35887,101934
1544308240,35893,101940
1544308836,35895,101942
1544309138,35897,101944
1544310037,35901,101948
1544310639,35907,101954
1544311535,35909,101956
1544312133,35911,101958
1544313036,35916,101963
1544313337,35918,101965
1544314531,35919,101966
1544315130,35927,101974
1544315436,35928,101975
1544316039,35931,101978
1544316335,35932,101979
1544316936,35935,101982
1544317838,35940,101987
1544318436,35942,101989
1544318739,35944,101991
1544319331,35946,101993
1544319634,35948,101995
1544320239,35950,101997
1544320840,35952,101999
1544321135,35954,102001
1544321735,35956,102003
1544322037,35958,102005
1544322635,35962,102009
1544323235,35966,102014
1544323837,35970,102018
1544324136,35971,102019
1544324438,35972,102020
1544325034,35975,102023
1544325639,35979,102027
1544325934,35981,102029
1544326536,35984,102032
1544326832,35986,102034
1544327439,35989,102037
1544327736,35992,102040
1544328038,35994,102042
1544328635,36001,102049
1544328939,36004,102052
1544329239,36006,102054
1544329833,36009,102057
1544330135,36012,102061
1544331036,36015,102064
1544331634,36016,102065
1544331933,36017,102066
1544332529,36019,102068
1544333436,36025,102074
1544333736,36026,102075
1544334032,36028,102077
1544334632,36030,102079
1544334930,36034,102083
1544335235,36037,102086
1544335831,36046,102095
1544336437,36048,102097
1544336733,36049,102098
1544337344,36054,102103
1544337637,36058,102107
1544338234,36062,102111
1544338838,36067,102116
1544339134,36070,102119
1544339731,36073,102122
1544340034,36078,102127
1544340631,36081,102130
1544341238,36082,102131
1544341834,36087,102136
1544342438,36089,102138
1544342734,36089,102139
1544343333,36094,102144
1544344232,36098,102148
1544344530,36100,102150
1544344832,36104,102154
1544345129,36106,102156
1544345432,36107,102157
1544346031,36109,102159
1544346630,36114,102164
1544347234,36115,102165
1544347531,36118,102168
1544348135,36119,102169
1544348431,36121,102171
1544349034,36122,102172
1544349631,36125,102175
1544349930,36126,102176
1544350533,36134,102185
1544350832,36136,102187
1544352038,36140,102191
1544352336,36141,102192
1544352933,36142,102193
1544353237,36143,102194
1544353837,36144,102195
1544354130,36147,102198
1544354438,36150,102201
